Listening to port 4567
Connected!!!
EKF: 
x_ = 0.312243
 0.58034
       0
       0
Hj = 0.473808 0.880628        0        0
 -1.3363 0.718973        0        0
       0        0 0.473808 0.880628
x_ =  1.44517
0.920088
 6.65259
 1.97674
Hj =  0.843547  0.537055         0         0
-0.313479  0.492379         0         0
 0.597283 -0.938146  0.843547  0.537055
x_ =  1.17274
0.501418
 3.90867
  2.6457
Hj =  0.919481  0.393135         0         0
-0.308237  0.720916         0         0
-0.276192  0.645968  0.919481  0.393135
x_ =  1.87346
0.662215
 4.77881
 1.90547
Hj =   0.942833   0.333266          0          0
 -0.167719   0.474489          0          0
-0.0342016   0.096759   0.942833   0.333266
x_ =  2.43963
0.765836
 4.91254
 1.49269
Hj =   0.954095   0.299505          0          0
 -0.117131    0.37313          0          0
 0.0055242 -0.0175977   0.954095   0.299505
x_ =  3.11209
0.786865
 5.16947
0.933135
Hj =   0.969491   0.245128          0          0
-0.0763633    0.30202          0          0
 0.0276828  -0.109487   0.969491   0.245128
x_ =   3.7772
0.689305
 5.32238
0.290107
Hj =   0.983753   0.179526          0          0
-0.0467568   0.256214          0          0
 0.0313324  -0.171693   0.983753   0.179526
x_ =  4.38681
0.690978
 5.44072
0.191846
Hj =   0.987821   0.155594          0          0
-0.0350368   0.222438          0          0
 0.0230205   -0.14615   0.987821   0.155594
x_ =  4.92929
0.691483
 5.32318
0.125972
Hj =   0.990304    0.13892          0          0
-0.0279093   0.198954          0          0
 0.0171572  -0.122306   0.990304    0.13892
x_ =   5.44583
 0.673883
  5.12071
0.0327873
Hj =   0.992431   0.122806          0          0
-0.0223798   0.180857          0          0
 0.0133454  -0.107848   0.992431   0.122806
x_ =   5.97208
 0.675175
  5.27379
0.0425973
Hj =    0.99367    0.11234          0          0
-0.0186917   0.165333          0          0
 0.0102829 -0.0909542    0.99367    0.11234
x_ =   6.46431
 0.553723
  5.11046
-0.230997
Hj =   0.996351  0.0853459          0          0
-0.0131545   0.153569          0          0
0.00876497  -0.102325   0.996351  0.0853459
x_ =    6.97729
  0.636365
   5.07558
-0.0196799
Hj =   0.995867  0.0908282          0          0
-0.0129639    0.14214          0          0
0.00623049 -0.0683129   0.995867  0.0908282
x_ =    7.47379
  0.621147
   4.89737
-0.0586681
Hj =   0.996564  0.0828245          0          0
-0.0110439   0.132883          0          0
0.00512536 -0.0616695   0.996564  0.0828245
x_ =   8.08895
 0.674451
  5.22002
0.0585622
Hj =   0.996542   0.083091          0          0
-0.0102366   0.122772          0          0
 0.0038426 -0.0460858   0.996542   0.083091
x_ =   8.5895
 0.74313
 5.00777
0.161685
Hj =    0.996278   0.0861941           0           0
-0.00999747    0.115556           0           0
 0.00270488  -0.0312645    0.996278   0.0861941
x_ =  9.13042
 1.00438
 5.25869
0.616948
Hj =     0.994004     0.109344            0            0
   -0.011904     0.108214            0            0
-0.000455202   0.00413805     0.994004     0.109344
x_ =  9.72524
 1.09398
 5.27556
0.655036
Hj =     0.993733     0.111783            0            0
  -0.0114221      0.10154            0            0
-0.000699146   0.00621527     0.993733     0.111783
x_ =   10.283
 1.28781
 5.27729
0.868544
Hj =    0.992249    0.124266           0           0
 -0.0119909   0.0957457           0           0
-0.00247041   0.0197259    0.992249    0.124266
x_ = 10.7691
1.49363
5.00783
1.04056
Hj =   0.990518    0.13738          0          0
-0.0126359  0.0911054          0          0
-0.0043305  0.0312231   0.990518    0.13738
x_ = 11.2205
1.64568
4.74198
1.09102
Hj =    0.989415    0.145115           0           0
 -0.0127961   0.0872458           0           0
-0.00500766    0.034143    0.989415    0.145115
x_ =  11.7592
 1.68974
  4.9164
0.998658
Hj =    0.989833    0.142234           0           0
 -0.0119725   0.0833191           0           0
-0.00346277   0.0240981    0.989833    0.142234
x_ =  12.2106
 1.74808
  4.8383
0.932265
Hj =    0.989907    0.141716           0           0
 -0.0114889   0.0802513           0           0
-0.00272505   0.0190349    0.989907    0.141716
x_ = 12.7151
1.96981
4.98301
1.14519
Hj =    0.988212    0.153092           0           0
 -0.0118982   0.0768032           0           0
-0.00438845   0.0283275    0.988212    0.153092
x_ = 13.2252
2.03712
5.08857
1.08935
Hj =   0.988344   0.152238          0          0
 -0.011377  0.0738608          0          0
-0.0034356  0.0223043   0.988344   0.152238
x_ = 13.7446
2.33062
5.17457
1.37229
Hj =    0.985927    0.167179           0           0
 -0.0119921   0.0707223           0           0
-0.00585092   0.0345053    0.985927    0.167179
x_ = 14.0437
2.71133
4.65396
1.68604
Hj =   0.981868   0.189564          0          0
-0.0132534  0.0686476          0          0
-0.0102482  0.0530818   0.981868   0.189564
x_ = 14.4773
2.88962
4.59688
1.69703
Hj =   0.980657   0.195736          0          0
-0.0132587  0.0664275          0          0
-0.0101353  0.0507788   0.980657   0.195736
x_ = 14.9878
3.06626
4.79252
1.73415
Hj =    0.979708    0.200432           0           0
 -0.0131017   0.0640407           0           0
-0.00967413   0.0472868    0.979708    0.200432
x_ = 15.4191
3.49615
4.76225
2.09681
Hj =   0.975245   0.221128          0          0
-0.0139861  0.0616833          0          0
 -0.013872  0.0611798   0.975245   0.221128
x_ = 15.8233
3.85856
4.50269
2.26287
Hj =   0.971531   0.236911          0          0
-0.0145461  0.0596509          0          0
 -0.016462  0.0675079   0.971531   0.236911
x_ =  16.267
  3.963
4.47173
  2.093
Hj =   0.971583   0.236698          0          0
-0.0141373  0.0580299          0          0
-0.0137849  0.0565834   0.971583   0.236698
x_ = 16.6671
4.21886
4.25399
2.11301
Hj =   0.969426   0.245386          0          0
-0.0142726  0.0563856          0          0
-0.0143373  0.0566412   0.969426   0.245386
x_ = 17.1013
4.49687
4.28075
2.20427
Hj =   0.967123   0.254309          0          0
-0.0143818  0.0546932          0          0
-0.0150026   0.057054   0.967123   0.254309
x_ = 17.4058
4.84037
3.84956
2.28393
Hj =   0.96344  0.267923         0         0
 -0.01483 0.0533281         0         0
-0.017337 0.0623432   0.96344  0.267923
x_ = 17.7827
5.01792
3.81851
2.21257
Hj =   0.962417   0.271575          0          0
-0.0146979  0.0520869          0          0
 -0.016056     0.0569   0.962417   0.271575
x_ = 18.1386
5.16746
3.72737
 2.1043
Hj =   0.961734   0.273986          0          0
-0.0145271  0.0509924          0          0
-0.0145639  0.0511217   0.961734   0.273986
x_ = 18.4211
5.59345
3.50167
2.33844
Hj =   0.956861   0.290545          0          0
 -0.015092  0.0497029          0          0
-0.0184147  0.0606459   0.956861   0.290545
x_ = 18.6975
6.12888
3.40954
2.71094
Hj =   0.950251   0.311484          0          0
-0.0158303  0.0482939          0          0
 -0.023968  0.0731198   0.950251   0.311484
x_ = 18.9504
6.60902
3.22004
2.93584
Hj =   0.944225   0.329302          0          0
-0.0164079  0.0470471          0          0
-0.0280858  0.0805318   0.944225   0.329302
x_ = 19.2397
7.06438
3.20165
3.14065
Hj =   0.938721   0.344677          0          0
-0.0168171   0.045801          0          0
-0.0310218  0.0844872   0.938721   0.344677
x_ = 19.4146
7.43819
2.85439
3.14098
Hj =   0.933812   0.357764          0          0
-0.0172079  0.0449148          0          0
-0.0328995  0.0858721   0.933812   0.357764
x_ =  19.677
7.80998
2.82276
3.20805
Hj =   0.929464   0.368912          0          0
-0.0174259  0.0439042          0          0
-0.0338137  0.0851926   0.929464   0.368912
x_ = 19.8648
8.23647
2.71505
3.33765
Hj =   0.923745   0.383008          0          0
-0.0178105  0.0429555          0          0
-0.0363912  0.0877687   0.923745   0.383008
x_ = 20.0732
 8.5748
2.51198
3.28194
Hj =   0.919609   0.392835          0          0
-0.0179969  0.0421298          0          0
-0.0365572  0.0855787   0.919609   0.392835
x_ = 20.1916
 9.0986
2.22216
3.44407
Hj =   0.911712    0.41083          0          0
-0.0185503  0.0411666          0          0
-0.0413127   0.091681   0.911712    0.41083
x_ = 20.2722
9.57564
1.90398
3.51755
Hj =   0.904203   0.427103          0          0
-0.0190501  0.0403302          0          0
 -0.045099  0.0954774   0.904203   0.427103
x_ =  20.251
10.4206
1.67469
4.09201
Hj =   0.889185   0.457548          0          0
-0.0200901  0.0390425          0          0
-0.0577049   0.112142   0.889185   0.457548
x_ = 20.2908
10.8686
1.35242
4.02754
Hj =   0.881507   0.472171          0          0
-0.0205129  0.0382959          0          0
-0.0597278   0.111507   0.881507   0.472171
x_ = 20.2396
11.6143
1.08586
4.38216
Hj =    0.86734   0.497716          0          0
-0.0213289  0.0371687          0          0
-0.0695402   0.121184    0.86734   0.497716
x_ =  20.1223
 12.1095
0.523032
 4.23697
Hj =   0.856813   0.515627          0          0
-0.0219556  0.0364834          0          0
 -0.073784   0.122606   0.856813   0.515627
x_ =  20.1899
 12.5488
0.660722
 4.34474
Hj =   0.849316   0.527884          0          0
-0.0222062  0.0357277          0          0
 -0.074197   0.119376   0.849316   0.527884
x_ =  20.1774
 12.8878
0.315714
 4.05045
Hj =   0.842758   0.538292          0          0
-0.0224831  0.0351999          0          0
-0.0729263   0.114175   0.842758   0.538292
x_ =  20.3237
 13.1089
0.365592
 3.78363
Hj =   0.840356   0.542035          0          0
-0.0224123  0.0347475          0          0
 -0.066821   0.103597   0.840356   0.542035
x_ =  20.2542
 13.5758
0.178767
  3.8318
Hj =   0.830665   0.556772          0          0
-0.0228343  0.0340672          0          0
-0.0704076   0.105043   0.830665   0.556772
x_ =     20.2495
    13.8948
-0.00185572
    3.63843
Hj =    0.82455   0.565789          0          0
-0.0230387  0.0335753          0          0
-0.0691419   0.100764    0.82455   0.565789
x_ =   20.1136
  14.3591
-0.249807
  3.67047
Hj =   0.813881   0.581031          0          0
 -0.023511  0.0329331          0          0
-0.0736476   0.103162   0.813881   0.581031
x_ =  20.0975
 14.6391
-0.29101
 3.53384
Hj =     0.8083   0.588771          0          0
-0.0236798   0.032509          0          0
-0.0716962  0.0984288     0.8083   0.588771
x_ =   19.9228
  14.9936
-0.858671
  3.18984
Hj =   0.799007   0.601322          0          0
-0.0241162  0.0320444          0          0
 -0.073917  0.0982173   0.799007   0.601322
x_ =   19.8275
  15.3192
-0.897802
  3.17152
Hj =   0.791324   0.611396          0          0
-0.0244011  0.0315821          0          0
-0.0746334  0.0965973   0.791324   0.611396
x_ =  19.5942
 15.8011
-1.06635
 3.33617
Hj =   0.778426   0.627736          0          0
-0.0249384  0.0309249          0          0
-0.0814573   0.101012   0.778426   0.627736
x_ =  19.3985
 16.1749
-1.32052
 3.22853
Hj =   0.768036   0.640406          0          0
-0.0253553  0.0304085          0          0
 -0.084314   0.101117   0.768036   0.640406
x_ =  19.0299
 16.6799
-1.91116
 3.09259
Hj =   0.752014   0.659148          0          0
-0.0260479  0.0297178          0          0
-0.0933923    0.10655   0.752014   0.659148
x_ =  18.8021
 17.1211
-1.84024
 3.34989
Hj =   0.739386   0.673281          0          0
-0.0264766  0.0290762          0          0
-0.0983835   0.108043   0.739386   0.673281
x_ =  18.5049
 17.5241
-2.02237
 3.35583
Hj =   0.726088   0.687602          0          0
-0.0269798  0.0284899          0          0
 -0.103257   0.109037   0.726088   0.687602
x_ = 18.2382
 17.753
-2.3171
2.98509
Hj =   0.716574   0.697511          0          0
-0.0274051   0.028154          0          0
 -0.102913   0.105725   0.716574   0.697511
x_ =   18.063
  18.052
-2.34016
 2.88586
Hj =   0.707324    0.70689          0          0
-0.0276808  0.0276978          0          0
 -0.102294   0.102357   0.707324    0.70689
x_ =  17.7553
 18.2899
-2.57114
 2.65249
Hj =   0.696541   0.717517          0          0
-0.0281483  0.0273254          0          0
 -0.103935   0.100896   0.696541   0.717517
x_ =  17.2619
 18.8099
-2.92277
 2.79787
Hj =   0.67614  0.736774         0         0
-0.028859  0.026484         0         0
 -0.11674  0.107132   0.67614  0.736774
x_ =  16.6825
 19.3091
-3.39854
 2.80023
Hj =   0.653765   0.756698          0          0
-0.0296539  0.0256201          0          0
 -0.130547   0.112789   0.653765   0.756698
x_ =  16.3805
 19.3187
-3.48634
  2.3271
Hj =   0.646723   0.762725          0          0
-0.0301133  0.0255334          0          0
 -0.125395   0.106324   0.646723   0.762725
x_ = 16.0158
19.5507
-3.4878
2.34982
Hj =   0.633705   0.773575          0          0
-0.0306085  0.0250742          0          0
 -0.128163    0.10499   0.633705   0.773575
x_ =  15.2562
 20.1257
-4.04159
 2.53259
Hj =   0.604095   0.796912          0          0
-0.0315551  0.0239202          0          0
 -0.149909   0.113638   0.604095   0.796912
x_ =  14.7811
  20.291
-4.22652
 2.25044
Hj =   0.588797   0.808281          0          0
-0.0321974  0.0234544          0          0
 -0.152656   0.111203   0.588797   0.808281
x_ =  14.1369
 20.5977
-4.59543
 2.10257
Hj =   0.565876    0.82449          0          0
-0.0330029   0.022651          0          0
 -0.164311   0.112772   0.565876    0.82449
x_ =  13.6043
  20.778
-4.78791
 1.84924
Hj =   0.547776   0.836625          0          0
-0.0336867  0.0220562          0          0
 -0.169062   0.110692   0.547776   0.836625
x_ =  13.1957
  20.773
-4.85772
 1.35479
Hj =   0.536196   0.844093          0          0
-0.0342991  0.0217879          0          0
 -0.165555   0.105166   0.536196   0.844093
x_ = 12.6953
20.9114
-4.9428
1.21353
Hj =   0.518952   0.854803          0          0
-0.0349422  0.0212134          0          0
  -0.16964   0.102989   0.518952   0.854803
x_ =  11.9185
 21.1443
-5.34339
 1.12141
Hj =   0.491038   0.871138          0          0
-0.0358906  0.0202306          0          0
 -0.186828    0.10531   0.491038   0.871138
x_ =  11.4914
 21.1439
-5.30792
0.799873
Hj =   0.477518   0.878622          0          0
-0.0365107   0.019843          0          0
 -0.184219    0.10012   0.477518   0.878622
x_ =  11.0021
 21.0842
-5.33388
0.474048
Hj =   0.462621   0.886556          0          0
-0.0372782  0.0194525          0          0
 -0.184456  0.0962525   0.462621   0.886556
x_ =  10.4048
 21.0188
-5.46812
0.182308
Hj =   0.443644   0.896203          0          0
-0.0382125  0.0189162          0          0
 -0.190353  0.0942297   0.443644   0.896203
x_ =  9.59543
 21.1405
-5.76996
0.245402
Hj =   0.413307   0.910592          0          0
-0.0392222  0.0178025          0          0
 -0.210055  0.0953415   0.413307   0.910592
x_ =    9.11152
   21.0912
  -5.72727
-0.0277927
Hj =    0.39658      0.918          0          0
-0.0399561  0.0172612          0          0
 -0.209634  0.0905629    0.39658      0.918
x_ =    8.59985
   21.0705
  -5.66577
-0.0635485
Hj =   0.377883   0.925853          0          0
-0.0406826  0.0166044          0          0
 -0.212431  0.0867027   0.377883   0.925853
x_ =   8.28937
  20.9219
 -5.44395
-0.430998
Hj =   0.368347   0.929688          0          0
-0.0413117  0.0163679          0          0
 -0.202527  0.0802424   0.368347   0.929688
x_ =   8.16504
  20.6336
 -5.02068
-0.845828
Hj =  0.367954  0.929844         0         0
-0.041903 0.0165817         0         0
-0.182581 0.0722501  0.367954  0.929844
x_ =  7.69346
 20.4627
-5.04481
-1.13551
Hj =  0.351924  0.936029         0         0
-0.042817 0.0160981         0         0
-0.185075 0.0695837  0.351924  0.936029
x_ =  7.33592
  20.262
-4.95214
-1.47526
Hj =   0.340429    0.94027          0          0
-0.0436339  0.0157978          0          0
 -0.181261  0.0656263   0.340429    0.94027
x_ =  6.78373
 20.0805
-5.03471
-1.59926
Hj =   0.320057   0.947398          0          0
-0.0446983  0.0151003          0          0
 -0.190326  0.0642973   0.320057   0.947398
x_ =  6.31096
 19.8949
-5.02145
-1.71311
Hj =   0.302366   0.953192          0          0
-0.0456686  0.0144867          0          0
 -0.194933  0.0618355   0.302366   0.953192
x_ =      5.9
 19.6998
-4.95452
-1.87574
Hj =   0.286904   0.957959          0          0
-0.0465836  0.0139516          0          0
 -0.196027  0.0587092   0.286904   0.957959
x_ =   5.2619
 19.4382
-5.15555
-2.19279
Hj =   0.261294   0.965259          0          0
-0.0479326  0.0129753          0          0
  -0.21107  0.0571364   0.261294   0.965259
x_ =  4.95977
 19.1024
-4.92038
 -2.4117
Hj =   0.251308   0.967907          0          0
-0.0490432  0.0127336          0          0
 -0.203842  0.0529258   0.251308   0.967907
x_ =  4.70336
 18.8587
-4.65282
 -2.3881
Hj =   0.241988   0.970279          0          0
-0.0499208  0.0124502          0          0
  -0.19652  0.0490122   0.241988   0.970279
x_ =  4.04668
 18.6005
 -4.9098
-2.62966
Hj =   0.212585   0.977143          0          0
-0.0513323  0.0111677          0          0
 -0.217575   0.047335   0.212585   0.977143
x_ =  3.73888
 18.3007
 -4.6946
-2.66118
Hj =   0.200167   0.979762          0          0
-0.0524532  0.0107163          0          0
 -0.213322  0.0435822   0.200167   0.979762
x_ =  3.20057
 17.9813
-4.82544
-3.11389
Hj =    0.17524   0.984526          0          0
-0.0539054 0.00959487          0          0
 -0.226677  0.0403473    0.17524   0.984526
x_ =  3.02296
 17.6593
-4.45981
-3.03805
Hj =   0.168728   0.985663          0          0
-0.0550152 0.00941762          0          0
 -0.213639  0.0365711   0.168728   0.985663
x_ =  2.48465
  17.309
-4.59491
-3.35606
Hj =    0.14209   0.989854          0          0
 -0.056607 0.00812574          0          0
 -0.230471  0.0330833    0.14209   0.989854
x_ =  2.28605
 16.8637
-4.28476
-3.67825
Hj =   0.134332   0.990936          0          0
 -0.058229 0.00789355          0          0
 -0.218465  0.0296151   0.134332   0.990936
x_ =  1.92588
 16.5396
-4.19564
-3.47886
Hj =   0.115659   0.993289          0          0
 -0.059652 0.00694588          0          0
 -0.224597  0.0261521   0.115659   0.993289
x_ =  1.40255
 16.1464
-4.31328
-3.52026
Hj =  0.0865388   0.996248          0          0
-0.0614694 0.00533952          0          0
 -0.245414  0.0213178  0.0865388   0.996248
x_ =  1.08019
 15.7894
 -4.1797
-3.56655
Hj =  0.0682526   0.997668          0          0
-0.0630385  0.0043126          0          0
 -0.247522  0.0169335  0.0682526   0.997668
x_ = 0.867359
  15.314
-3.90984
 -3.9698
Hj =  0.0565479     0.9984          0          0
-0.0650911 0.00368666          0          0
 -0.239476  0.0135636  0.0565479     0.9984
x_ = 0.468002
 14.9282
-3.92286
-4.00157
Hj =  0.0313347   0.999509          0          0
-0.0669214   0.002098          0          0
 -0.254004 0.00796304  0.0313347   0.999509
x_ = 0.250622
 14.5679
-3.70584
-3.92141
Hj =  0.0172011   0.999852          0          0
-0.0686236 0.00118058          0          0
 -0.249642 0.00429476  0.0172011   0.999852
x_ = 0.0634203
  14.0687
 -3.44562
 -4.26821
Hj =  0.00450787     0.99999           0           0
 -0.0710785 0.000320416           0           0
   -0.24354  0.00109786  0.00450787     0.99999
x_ = -0.286626
   13.547
 -3.42986
 -4.64714
Hj =  -0.0211531    0.999776           0           0
  -0.073784 -0.00156111           0           0
  -0.260265 -0.00550666  -0.0211531    0.999776
x_ = -14.9936
 12.2429
-22.3807
-7.61984
Hj =   -0.77458   0.632476          0          0
-0.0326741 -0.0400153          0          0
 -0.655358  -0.802603   -0.77458   0.632476
x_ = -13.4464
 9.86762
-11.2921
-11.5283
Hj =  -0.806206   0.591635          0          0
-0.0354728 -0.0483379          0          0
 -0.566677  -0.772196  -0.806206   0.591635
x_ = -15.2778
 6.15839
 -8.7385
-16.7567
Hj =  -0.927484   0.373863          0          0
-0.0226965 -0.0563057          0          0
 -0.426889   -1.05903  -0.927484   0.373863
x_ =  -16.013
 2.08536
-5.27566
-21.0642
Hj =   -0.991626    0.129139           0           0
-0.00799713  -0.0614079           0           0
  -0.172491    -1.32451   -0.991626    0.129139
x_ =  -15.4485
 -1.86367
-0.509009
 -23.6336
Hj =  -0.992802  -0.119769          0          0
0.00769701 -0.0638027          0          0
  0.180129   -1.49314  -0.992802  -0.119769
x_ = -13.8954
-5.25301
 4.71586
 -24.065
Hj =  -0.935391  -0.353614          0          0
 0.0238041 -0.0629673          0          0
  0.575532   -1.52241  -0.935391  -0.353614
x_ = -11.7034
-7.81939
 10.0109
-22.2329
Hj =  -0.831488  -0.555542          0          0
 0.0394695 -0.0590745          0          0
  0.949156   -1.42062  -0.831488  -0.555542
x_ = -9.05591
-9.68231
 14.5133
-19.0594
Hj =  -0.683087  -0.730337          0          0
 0.0550893 -0.0515253          0          0
   1.30115   -1.21697  -0.683087  -0.730337
x_ =  -6.3624
-10.8183
 17.6181
-15.0373
Hj =  -0.506943   -0.86198          0          0
 0.0686808 -0.0403922          0          0
   1.56658  -0.921326  -0.506943   -0.86198
x_ = -3.73921
-11.2068
 19.4349
-10.2649
Hj =  -0.316503  -0.948592          0          0
 0.0802929 -0.0267901          0          0
   1.74112  -0.580935  -0.316503  -0.948592
x_ = -1.47355
-11.0669
 19.7288
-5.84292
Hj =  -0.131984  -0.991252          0          0
 0.0887853 -0.0118217          0          0
   1.80477  -0.240303  -0.131984  -0.991252
x_ = 0.576512
-10.4752
 19.1648
-1.61615
Hj =  0.0549527  -0.998489          0          0
 0.0951751 0.00523804          0          0
    1.8128  0.0997689  0.0549527  -0.998489
x_ =  9.95518
-7.86847
 29.4314
 11.0133
Hj =  0.784533 -0.620087         0         0
0.0488669 0.0618264         0         0
  1.31405   1.66253  0.784533 -0.620087
x_ =  10.0868
-4.54597
 17.5529
 16.4109
Hj =  0.911688 -0.410883         0         0
0.0371372 0.0824019         0         0
 0.823471   1.82716  0.911688 -0.410883
x_ =  10.5609
0.111084
 8.94203
 22.2582
Hj =     0.999945    0.0105178            0            0
-0.000995862     0.094678            0            0
  -0.0220712      2.09834     0.999945    0.0105178
x_ =    9.17673
   3.75691
-0.0324541
   22.6233
Hj =   0.925448   0.378874          0          0
-0.0382084  0.0933289          0          0
 -0.800426    1.95514   0.925448   0.378874
x_ =  6.72118
 6.40079
-8.02873
 19.7449
Hj =   0.724156   0.689637          0          0
-0.0743031  0.0780223          0          0
  -1.47382    1.54759   0.724156   0.689637
x_ =  3.80371
 7.74598
-13.4332
  14.636
Hj =  0.440779  0.897615         0         0
-0.104017 0.0510782         0         0
 -1.92526  0.945408  0.440779  0.897615
x_ =  1.08668
 7.88474
-16.0122
 8.38247
Hj =   0.13653  0.990636         0         0
-0.124463 0.0171536         0         0
 -2.11671  0.291727   0.13653  0.990636
x_ = -1.34291
  7.3044
-16.5726
 2.77927
Hj =  -0.180819   0.983516          0          0
 -0.132428 -0.0243468          0          0
  -2.09194  -0.384604  -0.180819   0.983516
x_ = -9.42923
 3.68135
-24.5326
-11.8074
Hj =  -0.931523   0.363684          0          0
-0.0359286  -0.092026          0          0
 -0.715735   -1.83325  -0.931523   0.363684
x_ =  -8.69012
-0.173301
 -10.5572
 -15.9351
Hj =  -0.999801 -0.0199384          0          0
0.00229392  -0.115027          0          0
 0.0360637    -1.8084  -0.999801 -0.0199384
x_ =   -7.16595
  -4.88815
-0.0946148
  -19.0921
Hj =  -0.826105  -0.563516          0          0
 0.0649633 -0.0952352          0          0
   1.02114   -1.49698  -0.826105  -0.563516
x_ = -4.05382
-7.27717
 8.30357
-15.3355
Hj =  -0.486647  -0.873599          0          0
  0.104872 -0.0584202          0          0
    1.5434  -0.859768  -0.486647  -0.873599
x_ = -0.58392
-8.11786
 13.3759
-9.88779
Hj =  -0.0717449   -0.997423           0           0
   0.122551 -0.00881512           0           0
    1.72194   -0.123859  -0.0717449   -0.997423
x_ =  2.50084
-7.60442
 15.2734
-3.79262
Hj =  0.312406 -0.949949         0         0
 0.118668 0.0390259         0         0
  1.58115  0.519986  0.312406 -0.949949
x_ =  10.3264
-3.68807
 22.3324
 9.75117
Hj =   0.94174 -0.336342         0         0
0.0306735 0.0858842         0         0
 0.512075   1.43378   0.94174 -0.336342
x_ = 10.2132
1.05525
10.8568
15.1572
Hj =   0.994705   0.102775          0          0
-0.0100097  0.0968782          0          0
 -0.139746    1.35253   0.994705   0.102775
x_ = 8.61635
6.13341
1.19736
18.5354
Hj =   0.814677   0.579915          0          0
-0.0548311  0.0770278          0          0
 -0.789896    1.10966   0.814677   0.579915
x_ = 11.5239
1.36082
7.73898
7.94105
Hj =     0.9931   0.117272          0          0
-0.0101061  0.0855824          0          0
-0.0705275   0.597254     0.9931   0.117272
x_ =   12.1419
 -2.85859
  8.92788
-0.131684
Hj =  0.973387 -0.229166         0         0
0.0183717 0.0780341         0         0
0.0352331  0.149653  0.973387 -0.229166
x_ =  11.2431
-6.19346
 6.04917
-5.40307
Hj =  0.875895 -0.482501         0         0
0.0375892 0.0682366         0         0
-0.068179 -0.123767  0.875895 -0.482501
x_ =  9.47646
-9.27402
 2.09342
 -9.3905
Hj =    0.7147 -0.699431         0         0
  0.05275 0.0539015         0         0
-0.276789 -0.282831    0.7147 -0.699431
x_ =  6.98344
-11.5376
-2.71604
-10.8824
Hj =  0.517812 -0.855494         0         0
0.0634337  0.038395         0         0
-0.504842  -0.30557  0.517812 -0.855494
x_ =  4.06846
-13.0245
-7.22003
-10.6893
Hj =  0.298162 -0.954515         0         0
0.0699527 0.0218511         0         0
-0.705036 -0.220232  0.298162 -0.954515
x_ =  1.11485
-13.6125
 -10.768
 -8.8538
Hj =  0.0816263  -0.996663          0          0
 0.0729726 0.00597642          0          0
 -0.835882 -0.0684583  0.0816263  -0.996663
x_ =  -1.7068
-13.6506
  -13.28
-6.39214
Hj =   -0.124069   -0.992274           0           0
  0.0721294 -0.00901873           0           0
  -0.893272    0.111691   -0.124069   -0.992274
x_ = -10.9137
-12.5712
-25.0838
0.222318
Hj =  -0.655569  -0.755135          0          0
   0.04536 -0.0393792          0          0
 -0.865803   0.751645  -0.655569  -0.755135
x_ = -13.5072
-9.18726
 -20.824
 7.21654
Hj =   -0.82686  -0.562408          0          0
 0.0344285 -0.0506172          0          0
 -0.608649   0.894844   -0.82686  -0.562408
x_ = -15.8034
-4.69525
-17.1679
 14.1034
Hj =  -0.958587    -0.2848          0          0
 0.0172752 -0.0581451          0          0
 -0.318014    1.07038  -0.958587    -0.2848
x_ = -16.5865
0.232156
-11.9916
 19.3141
Hj =    -0.999902    0.0139953            0            0
-0.000843695   -0.0602782            0            0
    0.016152      1.15399    -0.999902    0.0139953
x_ = -16.0148
 4.92346
  -5.924
 22.3126
Hj =  -0.955849   0.293859          0          0
-0.0175391 -0.0570503          0          0
  0.343533    1.11743  -0.955849   0.293859
x_ = -14.1591
 8.96091
0.557671
 22.9239
Hj =  -0.844994   0.534775          0          0
-0.0319146 -0.0504281          0          0
  0.627723   0.991861  -0.844994   0.534775
x_ = -11.6099
 12.3609
 6.46567
 22.0222
Hj =  -0.684618   0.728902          0          0
-0.0429822 -0.0403709          0          0
  0.850602   0.798925  -0.684618   0.728902
x_ = -8.49133
 15.0257
 11.5957
 19.8766
Hj =  -0.491994   0.870598          0          0
-0.0504431 -0.0285065          0          0
   1.00252   0.566549  -0.491994   0.870598
x_ = -5.19616
 16.6058
 15.3233
 16.4353
Hj =  -0.298633   0.954368          0          0
-0.0548493  -0.017163          0          0
   1.07133   0.335231  -0.298633   0.954368
x_ = -1.79909
 17.5153
 18.1069
 12.6591
Hj =   -0.102178    0.994766           0           0
 -0.0564967 -0.00580307           0           0
    1.09071    0.112032   -0.102178    0.994766
x_ = 1.35337
17.7105
19.5879
8.69056
Hj =  0.0761943   0.997093          0          0
-0.0561358  0.0042897          0          0
   1.05921 -0.0809413  0.0761943   0.997093
x_ =   11.6884
  17.0479
  30.9979
-0.289088
Hj =   0.565476   0.824765          0          0
-0.0399015  0.0273573          0          0
   1.02664  -0.703888   0.565476   0.824765
x_ =  15.2371
 14.0424
 26.8148
-8.08321
Hj =   0.735347    0.67769          0          0
-0.0327055   0.035488          0          0
  0.788728  -0.855832   0.735347    0.67769
x_ =  18.9772
 9.78381
 23.9921
-15.6901
Hj =   0.888828   0.458242          0          0
-0.0214625  0.0416298          0          0
  0.535275   -1.03824   0.888828   0.458242
x_ = 21.0339
4.99616
18.8787
-21.547
Hj =    0.97293   0.231099          0          0
-0.0106896  0.0450033          0          0
   0.27073   -1.13978    0.97293   0.231099
x_ =   22.0623
-0.222246
  13.2827
 -26.1735
Hj =   0.999949  -0.010073          0          0
0.00045655  0.0453216          0          0
-0.0118878    -1.1801   0.999949  -0.010073
x_ =  21.5732
-5.08609
 6.54832
-28.3572
Hj =  0.973316 -0.229469         0         0
0.0103529 0.0439131         0         0
 -0.27019  -1.14604  0.973316 -0.229469
x_ =  20.2181
-9.94042
0.125136
-29.6001
Hj =  0.897401 -0.441216         0         0
0.0195838 0.0398321         0         0
-0.519126  -1.05587  0.897401 -0.441216
x_ =  17.9491
-13.9059
-6.11915
-28.4994
Hj =  0.790515 -0.612443         0         0
0.0269732 0.0348158         0         0
-0.708769 -0.914848  0.790515 -0.612443
x_ =  15.0362
-17.4459
-11.8236
-26.5332
Hj =  0.652857 -0.757481         0         0
 0.032889 0.0283463         0         0
-0.864274 -0.744899  0.652857 -0.757481
x_ =  11.6344
  -20.11
-16.6288
 -23.235
Hj =   0.50077  -0.86558         0         0
0.0372565 0.0215543         0         0
-0.969747 -0.561035   0.50077  -0.86558
x_ =  7.83782
-22.1277
-20.6079
-19.4603
Hj =  0.333882 -0.942615         0         0
0.0401543  0.014223         0         0
 -1.04091 -0.368698  0.333882 -0.942615
x_ =  4.07576
-23.2139
-23.1855
-15.1338
Hj =   0.172929  -0.984934          0          0
 0.0417895 0.00733714          0          0
  -1.06368  -0.186754   0.172929  -0.984934
x_ = 0.298137
 -23.883
-25.0125
-11.0378
Hj =  0.0124822  -0.999922          0          0
 0.0418643  0.0005226          0          0
  -1.05282 -0.0131425  0.0124822  -0.999922
x_ = -3.41882
-23.8986
-25.9954
-6.65086
Hj =   -0.141614   -0.989922           0           0
  0.0410043 -0.00586587           0           0
   -1.01656    0.145424   -0.141614   -0.989922
x_ = -14.9345
-22.4382
-36.4258
 4.16855
Hj =  -0.554075  -0.832467          0          0
 0.0308849 -0.0205564          0          0
  -1.00786   0.670816  -0.554075  -0.832467
x_ = -19.2308
-19.3158
-32.5112
 11.7846
Hj =  -0.705546  -0.708664          0          0
 0.0259996 -0.0258852          0          0
 -0.815196   0.811609  -0.705546  -0.708664
x_ = -23.4703
-14.8832
-29.0365
 19.4861
Hj =  -0.844515  -0.535532          0          0
 0.0192696 -0.0303876          0          0
 -0.616749   0.972592  -0.844515  -0.535532
x_ = -26.4339
-9.75338
-23.9934
 25.9053
Hj =  -0.938175   -0.34616          0          0
 0.0122857 -0.0332971          0          0
 -0.400628     1.0858  -0.938175   -0.34616
x_ = -28.1763
-4.11268
-18.0636
 30.9873
Hj =  -0.989515  -0.144432          0          0
0.00507228 -0.0347505          0          0
 -0.168761     1.1562  -0.989515  -0.144432
x_ = -28.7081
 1.51378
 -11.523
 34.2597
Hj =   -0.998613   0.0526569           0           0
-0.00183168  -0.0347368           0           0
  0.0615543     1.16735   -0.998613   0.0526569
x_ =  -28.097
  7.0773
-4.43678
 36.0215
Hj =    -0.96971    0.244258           0           0
-0.00843005  -0.0334675           0           0
   0.285329     1.13276    -0.96971    0.244258
x_ = -26.4367
  12.248
 2.63782
 36.1124
Hj =  -0.907352   0.420371          0          0
-0.0144278 -0.0311419          0          0
  0.488751    1.05495  -0.907352   0.420371
x_ = -23.7877
 16.7984
 9.50121
 34.5533
Hj =  -0.816853   0.576846          0          0
-0.0198085 -0.0280502          0          0
   0.66766   0.945452  -0.816853   0.576846
x_ = -20.4079
 20.9224
 15.6469
 32.2765
Hj =   -0.69825   0.715854          0          0
-0.0244927 -0.0238904          0          0
  0.826334   0.806014   -0.69825   0.715854
x_ = -16.6138
 24.0716
 20.7594
 28.5148
Hj =  -0.568026   0.823011          0          0
-0.0281388 -0.0194208          0          0
  0.936527   0.646373  -0.568026   0.823011
x_ = -12.4345
  26.535
 25.1026
 23.9673
Hj =  -0.424328   0.905508          0          0
-0.0309005 -0.0144802          0          0
   1.01665   0.476408  -0.424328   0.905508
x_ = -7.81661
 28.3631
 28.6889
 19.3589
Hj =   -0.265686     0.96406           0           0
 -0.0327683 -0.00903066           0           0
    1.07484    0.296216   -0.265686     0.96406
x_ = -3.27494
 29.3047
 30.9527
 14.1524
Hj =   -0.111063    0.993813           0           0
 -0.0337033 -0.00376651           0           0
    1.08973    0.121783   -0.111063    0.993813
x_ = 1.18373
29.4741
32.1765
8.76137
Hj =  0.0401295   0.999194          0          0
-0.0338735 0.00136042          0          0
   1.07714   -0.04326  0.0401295   0.999194
x_ =  13.3156
 28.9456
 42.5259
-2.30248
Hj =   0.417922   0.908483          0          0
-0.0285135  0.0131168          0          0
   1.12903  -0.519378   0.417922   0.908483
x_ =  18.6555
 26.0279
 39.2899
-11.1878
Hj =   0.582564   0.812785          0          0
-0.0253812   0.018192          0          0
  0.975955  -0.699516   0.582564   0.812785
x_ =  24.0897
  21.689
 36.2542
-20.1325
Hj =   0.743168   0.669105          0          0
-0.0206419  0.0229267          0          0
  0.809568  -0.899179   0.743168   0.669105
x_ =  28.3004
 16.4527
 31.5895
-27.7092
Hj =   0.864521   0.502597          0          0
-0.0153534  0.0264094          0          0
  0.611555   -1.05194   0.864521   0.502597
x_ =  31.0147
 10.7044
 25.5063
-33.5231
Hj =    0.945282    0.326254           0           0
-0.00994372   0.0288108           0           0
   0.397852    -1.15273    0.945282    0.326254
x_ =  32.5368
 4.51871
 18.4092
-38.0785
Hj =    0.990494     0.13756           0           0
-0.00418762   0.0301528           0           0
   0.168547    -1.21362    0.990494     0.13756
x_ =  32.8199
-1.61997
 10.4199
-40.7882
Hj =   0.998784 -0.0492993          0          0
0.00150029  0.0303953          0          0
-0.0603491   -1.22265   0.998784 -0.0492993
x_ =  31.8469
-7.60168
  2.2898
-41.8332
Hj =   0.972675  -0.232172          0          0
0.00709107  0.0297077          0          0
 -0.284766   -1.19301   0.972675  -0.232172
x_ =  29.7442
-13.2008
-5.66769
-41.2799
Hj =  0.914027 -0.405654         0         0
0.0124656 0.0280877         0         0
-0.498999  -1.12435  0.914027 -0.405654
x_ =  26.7468
 -18.237
-13.0682
-39.2779
Hj =   0.82622 -0.563348         0         0
 0.017402 0.0255222         0         0
-0.692847  -1.01615   0.82622 -0.563348
x_ =  22.9254
 -22.654
-19.8734
-36.0528
Hj =  0.711304 -0.702884         0         0
0.0218084 0.0220696         0         0
-0.863898 -0.874247  0.711304 -0.702884
x_ =  18.5192
 -26.104
-25.6102
-31.5235
Hj =  0.578618 -0.815599         0         0
0.0254827 0.0180785         0         0
-0.997081 -0.707368  0.578618 -0.815599
x_ =  13.8572
-28.5179
-30.0648
-25.8497
Hj =  0.437048 -0.899438         0         0
0.0283678 0.0137843         0         0
 -1.08759 -0.528476  0.437048 -0.899438
x_ =   8.7978
-30.3187
-33.7317
-20.0117
Hj =   0.278681  -0.960384          0          0
 0.0304213 0.00882757          0          0
  -1.15517  -0.335203   0.278681  -0.960384
x_ =  3.72552
-31.1122
-36.0203
-13.6074
Hj =   0.118895  -0.992907          0          0
 0.0316873 0.00379439          0          0
  -1.18456  -0.141844   0.118895  -0.992907
x_ =  13.4589
-29.0261
-16.5217
-16.2228
Hj =  0.420661 -0.907218         0         0
0.0283553 0.0131479         0         0
-0.618516 -0.286795  0.420661 -0.907218
x_ =  19.3074
-27.5176
-7.50876
-14.0494
Hj =  0.574363 -0.818601         0         0
 0.024352 0.0170863         0         0
-0.346191 -0.242901  0.574363 -0.818601
x_ =  22.6963
-25.7786
-3.39368
-9.63083
Hj =  0.660811 -0.750552         0         0
0.0218526 0.0192397         0         0
-0.194735 -0.171451  0.660811 -0.750552
x_ =  26.2599
   -23.3
0.719226
-4.33822
Hj =   0.748005  -0.663694          0          0
 0.0189051  0.0213066          0          0
-0.0523228 -0.0589695   0.748005  -0.663694
x_ =  29.0483
-20.1511
 3.69215
 1.51474
Hj =  0.821652 -0.569989         0         0
0.0161226 0.0232411         0         0
0.0539957  0.077836  0.821652 -0.569989
x_ =  31.5611
-16.0778
 6.30303
 7.95507
Hj =  0.891046 -0.453914         0         0
0.0128151 0.0251564         0         0
 0.127502   0.25029  0.891046 -0.453914
x_ =   33.392
-11.2491
 7.17437
 14.7259
Hj =   0.94767 -0.319251         0         0
0.0090604  0.026895         0         0
 0.147192  0.436928   0.94767 -0.319251
x_ =  34.4651
-5.79125
 6.54807
 21.2559
Hj =   0.986175  -0.165709          0          0
0.00474155  0.0282181          0          0
  0.104538   0.622129   0.986175  -0.165709
x_ =   34.3734
-0.176097
  3.89221
  26.7061
Hj =    0.999987 -0.00512298           0           0
0.000149037   0.0290915           0           0
 0.00398312    0.777489    0.999987 -0.00512298
x_ =   33.3075
  5.40635
-0.279278
  30.7649
Hj =    0.987081     0.16022           0           0
-0.00474818   0.0292526           0           0
  -0.144403    0.889637    0.987081     0.16022
x_ =  31.1995
 10.6029
-5.44732
  33.065
Hj =    0.946818    0.321768           0           0
-0.00976476   0.0287333           0           0
  -0.322817    0.949903    0.946818    0.321768
x_ =  28.3398
 15.3375
-11.2714
 33.5533
Hj =   0.879464   0.475966          0          0
-0.0147706  0.0272923          0          0
 -0.515105   0.951784   0.879464   0.475966
x_ =    24.82
 19.4314
-17.2364
 32.2044
Hj =   0.787396   0.616448          0          0
-0.0195563  0.0249795          0          0
 -0.703695   0.898837   0.787396   0.616448
x_ =  20.7075
  22.937
-22.9104
 29.5068
Hj =   0.670111   0.742261          0          0
-0.0240201  0.0216853          0          0
 -0.883421    0.79755   0.670111   0.742261
x_ =  16.1978
 25.6266
-27.5834
 25.8402
Hj =   0.534291   0.845301          0          0
-0.0278825  0.0176238          0          0
  -1.03507   0.654237   0.534291   0.845301
x_ =  11.5768
 27.4012
-31.2049
 20.8823
Hj =   0.389183    0.92116          0          0
-0.0309671  0.0130834          0          0
  -1.14181   0.482408   0.389183    0.92116
x_ =  6.85511
 28.2256
-33.7241
 15.2195
Hj =   0.236008   0.971751          0          0
-0.0334555  0.0081253          0          0
  -1.21655   0.295463   0.236008   0.971751
x_ =  2.36144
 28.2414
-34.9077
 9.24345
Hj =  0.0833257   0.996522          0          0
-0.0351632 0.00294022          0          0
  -1.25028   0.104544  0.0833257   0.996522
x_ = -1.79645
 27.5771
-34.8667
 3.32747
Hj =  -0.0650052    0.997885           0           0
 -0.0361088 -0.00235224           0           0
   -1.24852  -0.0813325  -0.0650052    0.997885
x_ =  -13.823
 25.8007
-44.2612
-8.98182
Hj =  -0.472254   0.881462          0          0
-0.0301146 -0.0161342          0          0
  -1.30264  -0.697907  -0.472254   0.881462
x_ = -18.1892
 22.2711
-38.6047
-17.6633
Hj =  -0.632558   0.774513          0          0
-0.0269349 -0.0219982          0          0
  -1.10629  -0.903528  -0.632558   0.774513
x_ = -22.7727
 17.3078
-33.7393
-26.4462
Hj =  -0.796153   0.605096          0          0
-0.0211547 -0.0278342          0          0
   -0.8773    -1.1543  -0.796153   0.605096
x_ = -25.5013
 11.8202
-26.4546
-32.9711
Hj =  -0.907277   0.420533          0          0
-0.0149616 -0.0322788          0          0
 -0.614007   -1.32469  -0.907277   0.420533
x_ = -27.1573
  5.7817
-18.7016
-38.0268
Hj =    -0.97808     0.20823           0           0
-0.00749948  -0.0352259           0           0
  -0.308135    -1.44734    -0.97808     0.20823
x_ =   -27.2994
-0.0690496
  -10.1389
  -40.5624
Hj =   -0.999997 -0.00252934           0           0
9.26513e-05  -0.0366306           0           0
 0.00375577    -1.48488   -0.999997 -0.00252934
x_ = -26.0963
-5.32707
-1.42247
-40.5664
Hj =  -0.979795  -0.200007          0          0
0.00750932 -0.0367867          0          0
  0.296334   -1.45169  -0.979795  -0.200007
x_ = -23.9225
-10.3932
 7.03291
 -39.338
Hj =  -0.917181   -0.39847          0          0
 0.0152772 -0.0351644          0          0
  0.594015   -1.36728  -0.917181   -0.39847
x_ = -20.8087
-14.3946
 14.5997
-35.7857
Hj =  -0.822403  -0.568905          0          0
 0.0224843 -0.0325031          0          0
   0.84847   -1.22654  -0.822403  -0.568905
x_ = -17.0994
-17.7811
 20.8853
-31.5317
Hj =  -0.693155  -0.720789          0          0
 0.0292185 -0.0280982          0          0
   1.07846   -1.03711  -0.693155  -0.720789
x_ = -13.1292
-20.1111
 25.7005
-25.8984
Hj =  -0.546655  -0.837358          0          0
 0.0348647 -0.0227609          0          0
    1.2439  -0.812061  -0.546655  -0.837358
x_ = -8.93829
-21.5895
 29.1868
-19.7895
Hj =  -0.382523  -0.923946          0          0
 0.0395412 -0.0163704          0          0
   1.36563  -0.565386  -0.382523  -0.923946
x_ = -4.86646
-22.2045
 31.0918
 -13.477
Hj =   -0.214084   -0.976815           0           0
  0.0429718 -0.00941793           0           0
    1.42908   -0.313204   -0.214084   -0.976815
x_ = -0.924363
 -22.1132
  31.7938
 -7.40654
Hj =  -0.0417649   -0.999127           0           0
   0.045143 -0.00188704           0           0
    1.44798  -0.0605277  -0.0417649   -0.999127
x_ =  2.30009
-21.2345
 30.6426
-1.60773
Hj =  0.107689 -0.994185         0         0
 0.046547 0.0050419         0         0
  1.40997  0.152726  0.107689 -0.994185
x_ =  14.1695
-18.4716
 40.3713
 12.5007
Hj =  0.608647 -0.793441         0         0
 0.034082 0.0261443         0         0
  1.35104   1.03638  0.608647 -0.793441
x_ =  16.3824
-14.9542
 31.3067
  19.458
Hj =  0.738568 -0.674179         0         0
0.0303939 0.0332968         0         0
   1.0783   1.18128  0.738568 -0.674179
x_ =  19.8106
-9.70665
 25.2537
 27.8989
Hj =     0.898 -0.439995         0         0
0.0199446 0.0407057         0         0
 0.721292   1.47211     0.898 -0.439995
x_ =  21.1248
-4.47705
  16.891
 32.7202
Hj =   0.978271  -0.207328          0          0
0.00960117  0.0453029          0          0
  0.340949    1.60876   0.978271  -0.207328
x_ =  21.1087
0.723225
 8.28368
 35.2216
Hj =    0.999414   0.0342419           0           0
-0.00162122   0.0473183           0           0
 -0.0566085     1.65223    0.999414   0.0342419
x_ =   19.8286
  5.48303
-0.237054
  35.3033
Hj =   0.96383  0.266519         0         0
-0.012955 0.0468498         0         0
-0.441629   1.59709   0.96383  0.266519
x_ =    17.53
 9.43272
-8.03132
 33.0614
Hj =   0.880608   0.473845          0          0
-0.0238033  0.0442367          0          0
 -0.783598    1.45626   0.880608   0.473845
x_ =    14.52
 12.4952
-14.9904
 28.8885
Hj =   0.757977   0.652282          0          0
-0.0340507  0.0395682          0          0
  -1.07855    1.25331   0.757977   0.652282
x_ =  11.0538
 14.8997
-20.3951
 24.1696
Hj =   0.595818    0.80312          0          0
-0.0432894  0.0321155          0          0
  -1.33247   0.988529   0.595818    0.80312
x_ =  7.49823
 16.4078
-23.9376
  18.866
Hj =   0.415646   0.909527          0          0
-0.0504173  0.0230403          0          0
  -1.49303   0.682301   0.415646   0.909527
x_ = 4.01366
16.9728
-25.927
12.8026
Hj =   0.230129    0.97316          0          0
-0.0557974  0.0131947          0          0
  -1.57223   0.371793   0.230129    0.97316
x_ = 0.817322
  16.805
-26.3609
 7.06221
Hj =  0.0485782   0.998819          0          0
-0.0593657 0.00288729          0          0
  -1.58345   0.077012  0.0485782   0.998819
x_ = -2.01114
 16.0817
-25.6107
 1.86245
Hj =   -0.124091    0.992271           0           0
 -0.0612248 -0.00765661           0           0
   -1.54174   -0.192806   -0.124091    0.992271
x_ =  -12.346
 13.2878
 -34.694
-11.6693
Hj =  -0.680668   0.732592          0          0
-0.0403898 -0.0375271          0          0
  -1.34738   -1.25189  -0.680668   0.732592
